1	832
1	996
2	682
2	703
3	565
3	675
4	75
4	614
5	88
5	559
6	742
6	960
7	734
7	839
8	904
8	995
9	386
9	688
10	755
10	849
11	925
11	944
12	54
12	708
13	598
13	896
14	462
14	707
15	884
15	983
16	797
16	989
17	280
17	611
18	906
18	969
19	832
19	968
20	734
20	931
21	923
21	981
22	108
22	331
23	417
23	845
24	512
24	937
25	415
25	965
26	480
26	605
27	692
27	893
28	850
28	898
29	403
29	989
30	331
30	995
31	888
31	975
32	259
32	995
33	757
33	813
34	460
34	773
35	449
35	977
36	577
36	992
37	276
37	949
38	900
38	974
39	240
39	907
40	879
40	898
41	937
41	963
42	650
42	950
43	572
43	702
44	537
44	673
45	94
45	952
46	522
46	827
47	683
47	997
48	421
48	628
49	925
49	935
50	188
50	310
51	542
51	676
52	434
52	963
53	890
53	1000
54	12
54	743
55	981
55	1000
56	705
56	871
57	910
57	919
58	847
58	918
59	899
59	927
60	722
60	940
61	816
61	966
62	792
62	843
63	107
63	927
64	972
64	980
65	740
65	970
66	256
66	774
67	150
67	983
68	797
68	853
69	759
69	917
70	748
70	756
71	202
71	651
72	930
72	978
73	623
73	884
74	973
74	985
75	4
75	646
76	651
76	912
77	840
77	868
78	404
78	902
79	960
79	995
80	181
80	767
81	478
81	628
82	607
82	618
83	550
83	871
84	680
84	858
85	178
85	964
86	768
86	985
87	442
87	993
88	5
88	998
89	743
89	929
90	935
90	975
91	524
91	739
92	199
92	992
93	939
93	986
94	45
94	919
95	539
95	952
96	562
96	713
97	831
97	855
98	993
98	994
99	935
99	1000
100	799
100	951
101	441
101	477
102	260
102	919
103	838
103	966
104	250
104	750
105	857
105	921
106	816
106	893
107	63
107	988
108	22
108	970
109	185
109	499
110	937
110	993
111	258
111	834
112	609
112	740
113	818
113	998
114	643
114	801
115	229
115	974
116	629
116	974
117	946
117	998
118	965
118	994
119	923
119	981
120	607
120	989
121	743
121	919
122	628
122	975
123	972
123	981
124	696
124	897
125	953
125	976
126	954
126	959
127	961
127	974
128	402
128	966
129	550
129	653
130	191
130	626
131	815
131	866
132	452
132	982
133	970
133	995
134	860
134	879
135	548
135	944
136	644
136	842
137	646
137	945
138	858
138	976
139	278
139	711
140	405
140	931
141	335
141	977
142	961
142	978
143	946
143	979
144	934
144	947
145	794
145	911
146	868
146	879
147	267
147	776
148	934
148	977
149	929
149	951
150	67
150	925
151	845
151	1000
152	688
152	712
153	960
153	977
154	358
154	993
155	508
155	962
156	865
156	983
157	661
157	814
158	728
158	994
159	360
159	989
160	837
160	995
161	600
161	929
162	214
162	547
163	868
163	985
164	769
164	902
165	948
165	997
166	719
166	979
167	907
167	963
168	565
168	909
169	663
169	727
170	908
170	976
171	369
171	910
172	974
172	998
173	938
173	985
174	341
174	472
175	627
175	883
176	854
176	998
177	594
177	751
178	85
178	674
179	788
179	818
180	761
180	998
181	80
181	970
182	392
182	944
183	602
183	660
184	828
184	976
185	109
185	379
186	634
186	910
187	805
187	979
188	50
188	800
189	489
189	587
190	442
190	994
191	130
191	950
192	757
192	836
193	929
193	951
194	971
194	1000
195	278
195	487
196	452
196	760
197	293
197	539
198	726
198	959
199	92
199	811
200	590
200	995
201	862
201	896
202	71
202	760
203	431
203	979
204	779
204	964
205	928
205	936
206	870
206	945
207	523
207	974
208	428
208	929
209	384
209	970
210	801
210	993
211	990
211	993
212	280
212	551
213	984
213	997
214	162
214	738
215	593
215	989
216	320
216	711
217	578
217	627
218	920
218	985
219	923
219	981
220	981
220	991
221	355
221	557
222	837
222	904
223	612
223	736
224	947
224	997
225	925
225	987
226	473
226	785
227	982
227	984
228	890
228	916
229	115
229	998
230	827
230	990
231	956
231	992
232	944
232	987
233	712
233	995
234	458
234	989
235	787
235	796
236	945
236	963
237	699
237	951
238	509
238	702
239	300
239	592
240	39
240	716
241	357
241	991
242	867
242	984
243	460
243	855
244	251
244	997
245	857
245	955
246	941
246	948
247	318
247	943
248	652
248	991
249	577
249	978
250	104
250	432
251	244
251	999
252	665
252	1000
253	858
253	980
254	913
254	975
255	677
255	695
256	66
256	930
257	908
257	949
258	111
258	407
259	32
259	977
260	102
260	914
261	927
261	967
262	409
262	765
263	421
263	551
264	283
264	824
265	689
265	989
266	940
266	963
267	147
267	745
268	607
268	942
269	953
269	968
270	416
270	868
271	544
271	911
272	665
272	942
273	562
273	881
274	762
274	996
275	555
275	916
276	37
276	953
277	948
277	988
278	139
278	195
279	879
279	963
280	17
280	212
281	655
281	904
282	887
282	905
283	264
283	993
284	352
284	712
285	873
285	999
286	850
286	898
287	705
287	913
288	863
288	908
289	914
289	998
290	925
290	959
291	964
291	988
292	859
292	1000
293	197
293	894
294	425
294	985
295	899
295	998
296	847
296	998
297	621
297	955
298	510
298	891
299	303
299	853
300	239
300	990
301	933
301	989
302	504
302	854
303	299
303	730
304	991
304	1000
305	514
305	825
306	476
306	728
307	625
307	907
308	863
308	957
309	386
309	734
310	50
310	926
311	928
311	965
312	490
312	607
313	756
313	943
314	984
314	990
315	954
315	985
316	488
316	987
317	332
317	919
318	247
318	841
319	907
319	993
320	216
320	955
321	618
321	964
322	867
322	948
323	576
323	985
324	367
324	799
325	653
325	720
326	892
326	992
327	933
327	966
328	543
328	802
329	896
329	999
330	465
330	974
331	22
331	30
332	317
332	989
333	810
333	990
334	927
334	986
335	141
335	777
336	341
336	965
337	956
337	997
338	859
338	995
339	481
339	886
340	440
340	817
341	174
341	336
342	748
342	970
343	560
343	929
344	923
344	972
345	422
345	986
346	680
346	996
347	774
347	934
348	741
348	788
349	877
349	900
350	543
350	850
351	510
351	973
352	284
352	802
353	942
353	990
354	787
354	798
355	221
355	856
356	786
356	972
357	241
357	638
358	154
358	798
359	968
359	976
360	159
360	971
361	916
361	985
362	480
362	961
363	459
363	561
364	881
364	987
365	803
365	983
366	879
366	956
367	324
367	883
368	986
368	998
369	171
369	994
370	828
370	975
371	982
371	994
372	625
372	945
373	727
373	994
374	723
374	915
375	582
375	957
376	522
376	953
377	456
377	674
378	924
378	928
379	185
379	435
380	530
380	896
381	844
381	967
382	728
382	841
383	698
383	979
384	209
384	952
385	950
385	961
386	9
386	309
387	479
387	991
388	414
388	966
389	524
389	810
390	526
390	962
391	738
391	950
392	182
392	398
393	417
393	859
394	645
394	952
395	794
395	893
396	484
396	993
397	543
397	948
398	392
398	857
399	639
399	919
400	654
400	693
401	529
401	834
402	128
402	972
403	29
403	632
404	78
404	887
405	140
405	742
406	864
406	885
407	258
407	697
408	897
408	952
409	262
409	501
410	983
410	987
411	604
411	784
412	442
412	870
413	959
413	960
414	388
414	838
415	25
415	732
415	990
416	270
416	635
416	660
417	23
417	393
417	724
418	795
418	918
418	968
419	857
419	962
419	973
420	639
420	885
420	899
421	48
421	263
421	975
422	345
422	769
422	974
423	828
423	954
423	983
424	656
424	793
424	988
425	294
425	868
425	885
426	636
426	867
426	912
427	874
427	876
427	889
428	208
428	721
428	920
429	946
429	967
429	979
430	473
430	838
430	966
431	203
431	981
431	998
432	250
432	959
432	980
433	713
433	934
433	962
434	52
434	564
434	911
435	379
435	578
435	739
436	519
436	961
436	982
437	453
437	705
437	944
438	706
438	937
438	943
439	869
439	873
439	999
440	340
440	664
440	956
441	101
441	779
441	887
442	87
442	190
442	412
443	587
443	741
443	882
444	724
444	980
444	981
445	736
445	976
445	999
446	586
446	863
446	976
447	746
447	759
447	884
448	520
448	780
448	973
449	35
449	590
449	931
450	971
450	972
450	981
451	590
451	965
451	995
452	132
452	196
452	797
453	437
453	959
453	983
454	549
454	847
454	969
455	837
455	904
455	960
456	377
456	805
456	825
457	560
457	901
457	922
458	234
458	473
458	989
459	363
459	918
459	949
460	34
460	243
460	567
461	580
461	936
461	994
462	14
462	622
462	838
463	546
463	944
463	987
464	715
464	880
464	961
465	330
465	927
465	946
466	802
466	904
466	977
467	617
467	926
467	954
468	896
468	941
468	975
469	538
469	971
469	975
470	675
470	792
470	891
471	790
471	906
471	915
472	174
472	765
472	808
473	226
473	430
473	458
474	918
474	955
474	996
475	730
475	897
475	951
476	306
476	757
476	879
477	101
477	857
477	905
478	81
478	558
478	983
479	387
479	724
479	1000
480	26
480	362
480	866
481	339
481	907
481	957
482	761
482	844
482	969
483	666
483	753
483	865
484	396
484	812
484	958
485	846
485	870
485	886
486	743
486	872
486	897
487	195
487	872
487	996
488	316
488	880
488	983
489	189
489	946
489	979
490	312
490	909
490	941
491	830
491	853
491	966
492	806
492	874
492	940
493	705
493	784
493	944
494	768
494	820
494	985
495	619
495	772
495	987
496	549
496	665
496	923
497	785
497	933
497	989
498	648
498	822
498	878
499	109
499	979
499	986
500	813
500	821
500	850
501	409
501	803
501	880
502	621
502	729
502	918
503	765
503	944
503	975
504	302
504	672
504	940
505	613
505	934
505	947
506	714
506	779
506	978
507	538
507	980
507	991
508	155
508	824
508	962
509	238
509	833
509	974
510	298
510	351
510	693
511	577
511	806
511	876
512	24
512	940
512	943
513	971
513	980
513	981
514	305
514	770
514	953
515	783
515	980
515	1000
516	851
516	916
516	938
517	613
517	874
517	892
518	581
518	826
518	999
519	436
519	616
519	977
520	448
520	773
520	848
521	697
521	960
521	970
522	46
522	376
522	865
523	207
523	969
523	998
524	91
524	389
524	956
525	532
525	610
525	978
526	390
526	654
526	902
527	649
527	983
527	987
528	817
528	982
528	999
529	401
529	642
529	947
530	380
530	533
530	835
531	933
531	966
531	989
532	525
532	867
532	964
533	530
533	837
533	937
534	597
534	719
534	914
535	651
535	826
535	996
536	713
536	720
536	843
537	44
537	814
537	936
538	469
538	507
538	981
539	95
539	197
539	894
540	654
540	840
540	938
541	960
541	970
541	995
542	51
542	975
542	983
543	328
543	350
543	397
544	271
544	960
544	977
545	836
545	991
545	994
546	463
546	971
546	991
547	162
547	804
547	968
548	135
548	852
548	925
549	454
549	496
549	972
550	83
550	129
550	826
551	212
551	263
551	985
552	725
552	977
552	995
553	598
553	838
553	989
554	588
554	880
554	987
555	275
555	674
555	825
556	643
556	721
556	938
557	221
557	625
557	989
558	478
558	570
558	828
559	5
559	835
559	928
560	343
560	457
560	776
561	363
561	953
561	970
562	96
562	273
562	934
563	737
563	947
563	997
564	434
564	678
564	903
565	3
565	168
565	833
566	862
566	895
566	922
567	460
567	685
567	770
568	852
568	916
568	935
569	604
569	954
569	976
570	558
570	983
570	993
571	932
571	937
571	994
572	43
572	976
572	996
573	633
573	805
573	958
574	609
574	721
574	848
575	711
575	955
575	968
576	323
576	932
576	936
577	36
577	249
577	511
578	217
578	435
578	929
579	852
579	855
579	992
580	461
580	842
580	998
581	518
581	653
581	961
582	375
582	954
582	987
583	949
583	971
583	991
584	684
584	950
584	988
585	769
585	786
585	982
586	446
586	648
586	922
587	189
587	443
587	915
588	554
588	923
588	980
589	640
589	991
589	1000
590	200
590	449
590	451
591	778
591	928
591	932
592	239
592	930
592	961
593	215
593	632
593	794
594	177
594	955
594	983
595	787
595	910
595	929
596	861
596	862
596	947
597	534
597	882
597	903
598	13
598	553
598	797
599	731
599	965
599	994
600	161
600	678
600	966
601	714
601	801
601	985
602	183
602	609
602	992
603	640
603	971
603	991
604	411
604	569
604	959
604	987
605	26
605	626
605	708
605	990
606	804
606	908
606	922
606	968
607	82
607	120
607	268
607	312
608	934
608	941
608	982
608	997
609	112
609	574
609	602
609	920
610	525
610	636
610	849
610	964
611	17
611	761
611	854
611	899
612	223
612	872
612	953
612	996
613	505
613	517
613	992
613	997
614	4
614	873
614	988
614	997
615	754
615	859
615	981
615	1000
616	519
616	714
616	853
616	995
617	467
617	649
617	895
617	987
618	82
618	321
618	715
618	869
619	495
619	819
619	962
619	973
620	635
620	714
620	824
620	887
621	297
621	502
621	800
621	878
622	462
622	933
622	946
622	989
623	73
623	682
623	880
623	935
624	785
624	893
624	933
624	989
625	307
625	372
625	557
625	856
626	130
626	605
626	760
626	948
627	175
627	217
627	730
627	984
628	48
628	81
628	122
628	986
629	116
629	915
629	939
629	967
630	791
630	852
630	855
630	913
631	691
631	830
631	915
631	989
632	403
632	593
632	764
632	933
633	573
633	906
633	958
633	962
634	186
634	639
634	885
634	897
635	416
635	620
635	921
635	958
636	426
636	610
636	826
636	883
637	735
637	858
637	976
637	996
638	357
638	652
638	700
638	845
639	399
639	420
639	634
639	951
640	589
640	603
640	936
640	980
641	670
641	943
641	988
641	992
642	529
642	956
642	992
642	997
643	114
643	556
643	779
643	958
644	136
644	878
644	946
644	967
645	394
645	864
645	883
645	951
646	75
646	137
646	860
646	993
647	875
647	903
647	974
647	979
648	498
648	586
648	829
648	976
649	527
649	617
649	828
649	935
650	42
650	684
650	713
650	950
651	71
651	76
651	535
651	826
652	248
652	638
652	981
652	991
653	129
653	325
653	581
653	984
654	400
654	526
654	540
654	905
655	281
655	688
655	900
655	977
656	424
656	793
656	910
656	951
657	695
657	969
657	990
657	999
658	812
658	813
658	836
658	947
659	893
659	911
659	933
659	966
660	183
660	416
660	887
660	921
661	157
661	879
661	892
661	957
662	890
662	972
662	991
662	1000
663	169
663	731
663	915
663	994
664	440
664	702
664	861
664	982
665	252
665	272
665	496
665	1000
666	483
666	711
666	776
666	996
667	814
667	846
667	898
667	1000
668	687
668	837
668	839
668	904
669	942
669	988
669	997
669	999
670	641
670	892
670	941
670	942
671	964
671	978
671	984
671	990
672	504
672	693
672	849
672	967
673	44
673	809
673	871
673	940
674	178
674	377
674	555
674	958
675	3
675	470
675	862
675	999
676	51
676	782
676	803
676	926
677	255
677	884
677	889
677	912
678	564
678	600
678	830
678	933
679	681
679	906
679	969
679	979
680	84
680	346
680	763
680	901
681	679
681	744
681	903
681	979
682	2
682	623
682	888
682	913
683	47
683	909
683	917
683	926
684	584
684	650
684	984
684	990
685	567
685	768
685	902
685	968
686	931
686	955
686	977
686	995
687	668
687	777
687	803
687	995
688	9
688	152
688	655
688	734
689	265
689	848
689	911
689	989
690	837
690	960
690	977
690	995
691	631
691	692
691	830
691	966
692	27
692	691
692	717
692	794
693	400
693	510
693	672
693	899
694	818
694	906
694	967
694	986
695	255
695	657
695	961
695	978
696	124
696	698
696	799
696	883
697	407
697	521
697	767
697	995
698	383
698	696
698	952
698	967
699	237
699	796
699	897
699	951
700	638
700	972
700	980
700	991
701	854
701	915
701	956
701	974
702	43
702	238
702	664
702	876
703	2
703	773
703	984
703	985
704	762
704	835
704	898
704	932
705	56
705	287
705	437
705	493
706	438
706	856
706	922
706	994
707	14
707	816
707	853
707	893
707	989
708	12
708	605
708	817
708	866
708	929
709	736
709	737
709	896
709	948
709	982
710	870
710	924
710	940
710	957
710	963
711	139
711	216
711	575
711	666
711	961
712	152
712	233
712	284
712	823
712	931
713	96
713	433
713	536
713	650
713	950
714	506
714	601
714	616
714	620
714	717
715	464
715	618
715	950
715	988
715	990
716	240
716	729
716	872
716	878
716	955
717	692
717	714
717	905
717	921
717	938
718	735
718	776
718	895
718	918
718	968
719	166
719	534
719	750
719	882
719	967
720	325
720	536
720	777
720	833
720	947
721	428
721	556
721	574
721	920
721	962
722	60
722	809
722	856
722	924
722	986
723	374
723	781
723	790
723	846
723	969
724	417
724	444
724	479
724	980
724	1000
725	552
725	742
725	904
725	931
725	981
726	198
726	743
726	796
726	894
726	951
727	169
727	373
727	799
727	886
727	957
728	158
728	306
728	382
728	813
728	814
729	502
729	716
729	858
729	863
729	968
730	303
730	475
730	627
730	789
730	885
731	599
731	663
731	798
731	965
731	994
732	415
732	778
732	846
732	921
732	936
733	745
733	934
733	978
733	984
733	988
734	7
734	20
734	309
734	688
734	995
735	637
735	718
735	895
735	968
735	976
736	223
736	445
736	709
736	908
736	996
737	563
737	709
737	867
737	924
737	992
738	214
738	391
738	922
738	955
738	996
739	91
739	435
739	806
739	964
739	978
740	65
740	112
740	824
740	905
740	973
741	348
741	443
741	788
741	914
741	986
742	6
742	405
742	725
742	970
742	995
743	54
743	89
743	121
743	486
743	726
744	681
744	758
744	915
744	939
744	998
745	267
745	733
745	892
745	961
745	991
746	447
746	751
746	852
746	975
746	987
747	775
747	807
747	971
747	981
747	1000
748	70
748	342
748	778
748	960
748	970
749	861
749	862
749	930
749	992
749	999
750	104
750	719
750	752
750	755
750	914
751	177
751	746
751	808
751	828
751	888
752	750
752	818
752	849
752	967
752	998
753	483
753	895
753	908
753	939
753	949
754	615
754	793
754	923
754	991
754	1000
755	10
755	750
755	906
755	917
755	974
756	70
756	313
756	963
756	970
756	977
757	33
757	192
757	476
757	835
757	937
758	744
758	821
758	932
758	937
758	943
758	957
759	69
759	447
759	791
759	880
759	926
759	959
760	196
760	202
760	626
760	834
760	948
760	978
761	180
761	482
761	611
761	903
761	914
761	927
762	274
762	704
762	932
762	945
762	957
762	965
763	680
763	829
763	922
763	949
763	976
763	996
764	632
764	794
764	853
764	933
764	966
764	989
765	262
765	472
765	503
765	918
765	975
765	983
766	786
766	807
766	890
766	971
766	972
766	980
767	80
767	697
767	914
767	970
767	977
767	995
768	86
768	494
768	685
768	820
768	848
768	887
769	164
769	422
769	585
769	834
769	891
769	948
770	514
770	567
770	851
770	857
770	921
770	958
771	774
771	862
771	869
771	947
771	964
771	982
772	495
772	801
772	902
772	916
772	921
772	958
773	34
773	520
773	703
773	774
773	902
773	958
774	66
774	347
774	771
774	773
774	889
774	934
775	747
775	783
775	845
775	980
775	991
775	1000
776	147
776	560
776	666
776	718
776	822
776	955
777	335
777	687
777	720
777	931
777	970
777	977
778	591
778	732
778	748
778	846
778	907
778	945
779	204
779	441
779	506
779	643
779	916
779	962
780	448
780	820
780	920
780	958
780	962
780	973
781	723
781	844
781	882
781	967
781	974
781	986
782	676
782	828
782	925
782	959
782	975
782	981
783	515
783	775
783	868
783	890
783	972
783	1000
784	411
784	493
784	855
784	908
784	954
784	987
785	226
785	497
785	624
785	816
785	829
785	989
786	356
786	585
786	766
786	972
786	991
786	1000
787	235
787	354
787	595
787	883
787	898
787	919
788	179
788	348
788	741
788	847
788	946
788	998
789	730
789	883
789	885
789	887
789	929
789	952
790	471
790	723
790	866
790	899
790	903
790	927
791	630
791	759
791	852
791	884
791	972
791	987
792	62
792	470
792	862
792	873
792	889
792	928
793	424
793	656
793	754
793	894
793	929
793	951
794	145
794	395
794	593
794	692
794	764
794	966
795	418
795	804
795	858
795	949
795	968
795	996
796	235
796	699
796	726
796	919
796	948
796	952
797	16
797	68
797	452
797	598
797	853
797	989
798	354
798	358
798	731
798	814
798	871
798	936
799	100
799	324
799	696
799	727
799	864
799	929
800	188
800	621
800	834
800	889
800	990
800	992
801	114
801	210
801	601
801	772
801	820
801	848
802	328
802	352
802	466
802	960
802	970
802	995
803	365
803	501
803	676
803	687
803	926
803	944
804	547
804	606
804	795
804	953
804	976
804	996
805	187
805	456
805	573
805	857
805	972
805	973
805	985
806	492
806	511
806	739
806	843
806	891
806	947
806	999
807	747
807	766
807	972
807	980
807	981
807	991
807	1000
808	472
808	751
808	909
808	944
808	954
808	975
808	987
809	673
809	722
809	850
809	881
809	928
809	936
809	940
810	333
810	389
810	874
810	942
810	956
810	980
810	992
811	199
811	815
811	950
811	988
811	992
811	997
811	998
812	484
812	658
812	819
812	836
812	924
812	945
812	957
813	33
813	500
813	658
813	728
813	924
813	952
813	993
814	157
814	537
814	667
814	728
814	798
814	932
814	943
815	131
815	811
815	833
815	862
815	969
815	982
815	997
816	61
816	106
816	707
816	785
816	830
816	893
816	911
817	340
817	528
817	708
817	892
817	897
817	917
817	999
818	113
818	179
818	694
818	752
818	900
818	927
818	995
819	619
819	812
819	821
819	943
819	963
819	965
819	993
820	494
820	768
820	780
820	801
820	905
820	962
820	985
821	500
821	758
821	819
821	924
821	943
821	945
821	965
822	498
822	776
822	832
822	872
822	901
822	922
822	996
823	712
823	839
823	931
823	960
823	970
823	977
823	995
824	264
824	508
824	620
824	740
824	848
824	851
824	985
825	305
825	456
825	555
825	857
825	916
825	973
825	994
826	518
826	535
826	550
826	636
826	651
826	982
826	992
827	46
827	230
827	942
827	982
827	984
827	990
827	997
828	184
828	370
828	423
828	558
828	649
828	751
828	782
829	648
829	763
829	785
829	865
829	918
829	922
829	996
830	491
830	631
830	678
830	691
830	816
830	838
830	933
831	97
831	881
831	888
831	926
831	944
831	959
831	987
832	1
832	19
832	822
832	863
832	949
832	976
832	989
833	509
833	565
833	720
833	815
833	840
833	912
833	982
833	997
834	111
834	401
834	760
834	769
834	800
834	870
834	964
834	984
835	530
835	559
835	704
835	757
835	937
835	940
835	943
835	994
836	192
836	545
836	658
836	812
836	841
836	871
836	932
836	986
837	160
837	222
837	455
837	533
837	668
837	690
837	970
837	977
838	103
838	414
838	430
838	462
838	553
838	830
838	966
838	982
839	7
839	668
839	823
839	931
839	960
839	977
839	995
839	996
840	77
840	540
840	833
840	887
840	905
840	916
840	938
840	958
841	318
841	382
841	836
841	860
841	936
841	963
841	988
841	993
842	136
842	580
842	914
842	969
842	979
842	986
842	992
842	998
843	62
843	536
843	806
843	909
843	910
843	941
843	961
843	978
844	381
844	482
844	781
844	875
844	882
844	931
844	969
844	986
845	23
845	151
845	638
845	775
845	908
845	923
845	971
845	981
846	485
846	667
846	723
846	732
846	778
846	871
846	945
846	957
847	58
847	296
847	454
847	788
847	849
847	899
847	914
847	969
848	520
848	574
848	689
848	768
848	801
848	824
848	938
848	973
849	10
849	610
849	672
849	752
849	847
849	903
849	915
849	979
850	28
850	286
850	350
850	500
850	809
850	907
850	932
850	957
850	963
851	516
851	770
851	824
851	902
851	920
851	921
851	960
851	973
851	985
852	548
852	568
852	579
852	630
852	746
852	791
852	913
852	926
852	964
853	68
853	299
853	491
853	616
853	707
853	764
853	797
853	911
853	989
854	176
854	302
854	611
854	701
854	903
854	906
854	958
854	969
854	998
855	97
855	243
855	579
855	630
855	784
855	884
855	954
855	983
855	987
856	355
856	625
856	706
856	722
856	886
856	932
856	936
856	957
856	994
857	105
857	245
857	398
857	419
857	477
857	770
857	805
857	825
857	973
858	84
858	138
858	253
858	637
858	729
858	795
858	865
858	878
858	901
859	292
859	338
859	393
859	615
859	971
859	980
859	981
859	991
859	1000
860	134
860	646
860	841
860	879
860	886
860	907
860	974
860	993
860	994
861	596
861	664
861	749
861	889
861	912
861	950
861	951
861	956
861	988
862	201
862	566
862	596
862	675
862	749
862	771
862	792
862	815
862	992
863	288
863	308
863	446
863	729
863	832
863	918
863	922
863	951
863	955
864	406
864	645
864	799
864	885
864	894
864	910
864	913
864	951
864	952
865	156
865	483
865	522
865	829
865	858
865	872
865	895
865	949
865	955
866	131
866	480
866	708
866	790
866	889
866	892
866	941
866	947
866	997
867	242
867	322
867	426
867	532
867	737
867	924
867	956
867	984
867	992
868	77
868	146
868	163
868	270
868	425
868	783
868	902
868	905
868	985
869	439
869	618
869	771
869	909
869	930
869	961
869	978
869	990
869	999
870	206
870	412
870	485
870	710
870	834
870	907
870	940
870	943
870	994
871	56
871	83
871	673
871	798
871	836
871	846
871	898
871	940
871	945
871	994
872	486
872	487
872	612
872	716
872	822
872	865
872	953
872	955
872	968
872	996
873	285
873	439
873	614
873	792
873	917
873	933
873	942
873	950
873	978
873	999
874	427
874	492
874	517
874	810
874	876
874	896
874	934
874	942
874	948
874	967
875	647
875	844
875	877
875	906
875	915
875	967
875	971
875	974
875	986
875	998
876	427
876	511
876	702
876	874
876	942
876	947
876	987
876	990
876	992
876	997
877	349
877	875
877	900
877	906
877	925
877	939
877	969
877	974
877	979
877	998
878	498
878	621
878	644
878	716
878	858
878	908
878	953
878	955
878	968
878	996
879	40
879	134
879	146
879	279
879	366
879	476
879	661
879	860
879	940
879	965
880	464
880	488
880	501
880	554
880	623
880	759
880	935
880	944
880	954
880	987
881	273
881	364
881	809
881	831
881	884
881	888
881	925
881	926
881	954
881	959
882	443
882	597
882	719
882	781
882	844
882	903
882	946
882	967
882	995
882	998
883	175
883	367
883	636
883	645
883	696
883	787
883	789
883	894
883	910
883	919
884	15
884	73
884	447
884	677
884	791
884	855
884	881
884	913
884	935
884	959
885	406
885	420
885	425
885	634
885	730
885	789
885	864
885	897
885	919
885	929
886	339
886	485
886	727
886	856
886	860
886	957
886	963
886	993
886	994
886	999
887	282
887	404
887	441
887	620
887	660
887	768
887	789
887	840
887	920
887	938
888	31
888	682
888	751
888	831
888	881
888	935
888	954
888	973
888	975
888	983
889	427
889	677
889	774
889	792
889	800
889	861
889	866
889	932
889	947
889	999
890	53
890	228
890	662
890	766
890	783
890	923
890	971
890	980
890	991
890	1000
891	298
891	470
891	769
891	806
891	896
891	912
891	917
891	934
891	990
891	997
892	326
892	517
892	661
892	670
892	745
892	817
892	866
892	912
892	956
892	966
892	984
893	27
893	106
893	395
893	624
893	659
893	707
893	816
893	911
893	933
893	966
893	1000
894	293
894	539
894	726
894	793
894	864
894	883
894	897
894	901
894	910
894	944
894	952
895	566
895	617
895	718
895	735
895	753
895	865
895	901
895	908
895	949
895	953
895	976
896	13
896	201
896	329
896	380
896	468
896	709
896	874
896	891
896	917
896	941
896	964
897	124
897	408
897	475
897	486
897	634
897	699
897	817
897	885
897	894
897	919
897	952
898	28
898	40
898	286
898	667
898	704
898	787
898	871
898	924
898	940
898	963
898	965
899	59
899	295
899	420
899	611
899	693
899	790
899	847
899	900
899	969
899	979
899	986
900	38
900	349
900	655
900	818
900	877
900	899
900	914
900	927
900	946
900	969
900	986
901	457
901	680
901	822
901	858
901	894
901	895
901	918
901	949
901	955
901	976
901	996
902	78
902	164
902	526
902	685
902	772
902	773
902	851
902	868
902	920
902	921
902	985
903	564
903	597
903	647
903	681
903	761
903	790
903	849
903	854
903	882
903	939
903	974
904	8
904	222
904	281
904	455
904	466
904	668
904	725
904	931
904	977
904	988
904	995
905	282
905	477
905	654
905	717
905	740
905	820
905	840
905	868
905	958
905	962
905	997
906	18
906	471
906	633
906	679
906	694
906	755
906	854
906	875
906	877
906	967
906	974
906	986
907	39
907	167
907	307
907	319
907	481
907	778
907	850
907	860
907	870
907	935
907	936
907	965
908	170
908	257
908	288
908	606
908	736
908	753
908	784
908	845
908	878
908	895
908	922
908	968
909	168
909	490
909	683
909	808
909	843
909	869
909	930
909	950
909	982
909	984
909	988
909	999
910	57
910	171
910	186
910	595
910	656
910	843
910	864
910	883
910	894
910	919
910	951
910	952
911	145
911	271
911	434
911	659
911	689
911	816
911	853
911	893
911	933
911	966
911	973
911	989
912	76
912	426
912	677
912	833
912	861
912	891
912	892
912	917
912	936
912	941
912	964
912	988
913	254
913	287
913	630
913	682
913	852
913	864
913	884
913	925
913	944
913	954
913	959
913	975
914	260
914	289
914	534
914	741
914	750
914	761
914	767
914	842
914	847
914	900
914	939
914	986
915	374
915	471
915	587
915	629
915	631
915	663
915	701
915	744
915	849
915	875
915	979
915	986
916	228
916	275
916	361
916	516
916	568
916	772
916	779
916	825
916	840
916	938
916	945
916	962
916	973
917	69
917	683
917	755
917	817
917	873
917	891
917	896
917	912
917	942
917	948
917	988
917	990
917	992
918	58
918	418
918	459
918	474
918	502
918	718
918	765
918	829
918	863
918	901
918	949
918	953
918	990
919	57
919	94
919	102
919	121
919	317
919	399
919	787
919	796
919	883
919	885
919	897
919	910
919	952
920	218
920	428
920	609
920	721
920	780
920	851
920	887
920	902
920	921
920	962
920	973
920	985
920	999
921	105
921	635
921	660
921	717
921	732
921	770
921	772
921	851
921	902
921	920
921	938
921	962
921	973
922	457
922	566
922	586
922	606
922	706
922	738
922	763
922	822
922	829
922	863
922	908
922	949
922	996
923	21
923	119
923	219
923	344
923	496
923	588
923	754
923	845
923	890
923	939
923	972
923	980
923	1000
924	378
924	710
924	722
924	737
924	812
924	813
924	821
924	867
924	898
924	928
924	936
924	943
924	945
924	993
925	11
925	49
925	150
925	225
925	290
925	548
925	782
925	877
925	881
925	913
925	926
925	975
925	983
925	987
926	310
926	467
926	676
926	683
926	759
926	803
926	831
926	852
926	881
926	925
926	959
926	972
926	983
926	987
927	59
927	63
927	261
927	334
927	465
927	761
927	790
927	818
927	900
927	939
927	946
927	969
927	986
927	998
928	205
928	311
928	378
928	559
928	591
928	792
928	809
928	924
928	936
928	941
928	945
928	957
928	965
928	994
929	89
929	149
929	161
929	193
929	208
929	343
929	578
929	595
929	708
929	789
929	793
929	799
929	885
929	952
930	72
930	256
930	592
930	749
930	869
930	909
930	934
930	964
930	971
930	978
930	984
930	988
930	992
930	999
931	20
931	140
931	449
931	686
931	712
931	725
931	777
931	823
931	839
931	844
931	904
931	960
931	970
931	1000
932	571
932	576
932	591
932	704
932	758
932	762
932	814
932	836
932	850
932	856
932	889
932	937
932	963
932	993
933	301
933	327
933	497
933	531
933	622
933	624
933	632
933	659
933	678
933	764
933	830
933	873
933	893
933	911
934	144
934	148
934	347
934	433
934	505
934	562
934	608
934	733
934	774
934	874
934	891
934	930
934	978
934	982
935	49
935	90
935	99
935	568
935	623
935	649
935	880
935	884
935	888
935	907
935	959
935	975
935	983
935	987
936	205
936	461
936	537
936	576
936	640
936	732
936	798
936	809
936	841
936	856
936	907
936	912
936	924
936	928
936	993
937	24
937	41
937	110
937	438
937	533
937	571
937	757
937	758
937	835
937	932
937	943
937	945
937	965
937	983
937	993
938	173
938	516
938	540
938	556
938	717
938	840
938	848
938	887
938	916
938	921
938	958
938	962
938	963
938	973
938	985
939	93
939	629
939	744
939	753
939	877
939	903
939	914
939	923
939	927
939	946
939	967
939	969
939	979
939	986
939	998
940	60
940	266
940	492
940	504
940	512
940	673
940	710
940	809
940	835
940	870
940	871
940	879
940	898
940	993
940	994
941	246
941	468
941	490
941	608
941	670
941	843
941	866
941	896
941	912
941	928
941	942
941	988
941	992
941	997
941	999
942	268
942	272
942	353
942	669
942	670
942	810
942	827
942	873
942	874
942	876
942	917
942	941
942	956
942	978
942	982
943	247
943	313
943	438
943	512
943	641
943	758
943	814
943	819
943	821
943	835
943	870
943	924
943	937
943	963
943	993
944	11
944	135
944	182
944	232
944	437
944	463
944	493
944	503
944	803
944	808
944	831
944	880
944	894
944	913
944	983
945	137
945	206
945	236
945	372
945	762
945	778
945	812
945	821
945	846
945	871
945	916
945	924
945	928
945	937
945	978
946	117
946	143
946	429
946	465
946	489
946	622
946	644
946	788
946	882
946	900
946	927
946	939
946	967
946	997
946	998
947	144
947	224
947	505
947	529
947	563
947	596
947	658
947	720
947	771
947	806
947	866
947	876
947	889
947	988
947	990
948	165
948	246
948	277
948	322
948	397
948	626
948	709
948	760
948	769
948	796
948	874
948	917
948	950
948	988
948	992
948	999
949	37
949	257
949	459
949	583
949	753
949	763
949	795
949	832
949	865
949	895
949	901
949	918
949	922
949	953
949	968
949	996
950	42
950	191
950	385
950	391
950	584
950	650
950	713
950	715
950	811
950	861
950	873
950	909
950	948
950	964
950	984
950	990
951	100
951	149
951	193
951	237
951	475
951	639
951	645
951	656
951	699
951	726
951	793
951	861
951	863
951	864
951	910
951	952
952	45
952	95
952	384
952	394
952	408
952	698
952	789
952	796
952	813
952	864
952	894
952	897
952	910
952	919
952	929
952	951
953	125
953	269
953	276
953	376
953	514
953	561
953	612
953	804
953	872
953	878
953	895
953	918
953	949
953	968
953	976
953	993
953	996
954	126
954	315
954	423
954	467
954	569
954	582
954	784
954	808
954	855
954	880
954	881
954	888
954	913
954	959
954	977
954	983
954	985
955	245
955	297
955	320
955	474
955	575
955	594
955	686
955	716
955	738
955	776
955	863
955	865
955	872
955	878
955	901
955	976
955	996
956	231
956	337
956	366
956	440
956	524
956	642
956	701
956	810
956	861
956	867
956	892
956	942
956	982
956	984
956	988
956	997
956	999
957	308
957	375
957	481
957	661
957	710
957	727
957	758
957	762
957	812
957	846
957	850
957	856
957	886
957	928
957	965
957	968
957	994
958	484
958	573
958	633
958	635
958	643
958	674
958	770
958	772
958	773
958	780
958	840
958	854
958	905
958	938
958	962
958	973
958	985
959	126
959	198
959	290
959	413
959	432
959	453
959	604
959	759
959	782
959	831
959	881
959	884
959	913
959	926
959	935
959	954
959	975
959	987
960	6
960	79
960	153
960	413
960	455
960	521
960	541
960	544
960	690
960	748
960	802
960	823
960	839
960	851
960	931
960	970
960	977
960	979
961	127
961	142
961	362
961	385
961	436
961	464
961	581
961	592
961	695
961	711
961	745
961	843
961	869
961	982
961	984
961	990
961	992
961	997
962	155
962	390
962	419
962	433
962	508
962	619
962	633
962	721
962	779
962	780
962	820
962	905
962	916
962	920
962	921
962	938
962	958
962	966
962	973
963	41
963	52
963	167
963	236
963	266
963	279
963	710
963	756
963	819
963	841
963	850
963	886
963	898
963	932
963	938
963	943
963	965
963	993
963	994
964	85
964	204
964	291
964	321
964	532
964	610
964	671
964	739
964	771
964	834
964	852
964	896
964	912
964	930
964	950
964	978
964	990
964	993
964	999
965	25
965	118
965	311
965	336
965	451
965	599
965	731
965	762
965	819
965	821
965	879
965	898
965	907
965	928
965	937
965	957
965	963
965	993
965	994
966	61
966	103
966	128
966	327
966	388
966	430
966	491
966	531
966	600
966	659
966	691
966	764
966	794
966	838
966	892
966	893
966	911
966	962
966	989
967	261
967	381
967	429
967	629
967	644
967	672
967	694
967	698
967	719
967	752
967	781
967	874
967	875
967	882
967	906
967	939
967	946
967	974
967	979
967	986
968	19
968	269
968	359
968	418
968	547
968	575
968	606
968	685
968	718
968	729
968	735
968	795
968	872
968	878
968	908
968	949
968	953
968	957
968	976
968	996
969	18
969	454
969	482
969	523
969	657
969	679
969	723
969	815
969	842
969	844
969	847
969	854
969	877
969	899
969	900
969	927
969	939
969	974
969	979
969	998
970	65
970	108
970	133
970	181
970	209
970	342
970	521
970	541
970	561
970	742
970	748
970	756
970	767
970	777
970	802
970	823
970	837
970	931
970	960
970	995
971	194
971	360
971	450
971	469
971	513
971	546
971	583
971	603
971	747
971	766
971	845
971	859
971	875
971	890
971	930
971	972
971	980
971	981
971	991
971	1000
972	64
972	123
972	344
972	356
972	402
972	450
972	549
972	662
972	700
972	766
972	783
972	786
972	791
972	805
972	807
972	923
972	926
972	971
972	980
972	981
972	991
973	74
973	351
973	419
973	448
973	619
973	740
973	780
973	805
973	825
973	848
973	851
973	857
973	888
973	911
973	916
973	920
973	921
973	938
973	958
973	962
973	985
974	38
974	115
974	116
974	127
974	172
974	207
974	330
974	422
974	509
974	647
974	701
974	755
974	781
974	860
974	875
974	877
974	903
974	906
974	967
974	969
974	986
975	31
975	90
975	122
975	254
975	370
975	421
975	468
975	469
975	503
975	542
975	746
975	765
975	782
975	808
975	888
975	913
975	925
975	935
975	959
975	983
975	987
976	125
976	138
976	170
976	184
976	359
976	445
976	446
976	569
976	572
976	637
976	648
976	735
976	763
976	804
976	832
976	895
976	901
976	953
976	955
976	968
976	996
977	35
977	141
977	148
977	153
977	259
977	466
977	519
977	544
977	552
977	655
977	686
977	690
977	756
977	767
977	777
977	823
977	837
977	839
977	904
977	954
977	960
977	994
978	72
978	142
978	249
978	506
978	525
978	671
978	695
978	733
978	739
978	760
978	843
978	869
978	873
978	930
978	934
978	942
978	945
978	964
978	982
978	984
978	997
978	999
979	143
979	166
979	187
979	203
979	383
979	429
979	489
979	499
979	647
979	679
979	681
979	842
979	849
979	877
979	899
979	915
979	939
979	960
979	967
979	969
979	986
979	998
980	64
980	253
980	432
980	444
980	507
980	513
980	515
980	588
980	640
980	700
980	724
980	766
980	775
980	807
980	810
980	859
980	890
980	923
980	971
980	972
980	981
980	991
980	1000
981	21
981	55
981	119
981	123
981	219
981	220
981	431
981	444
981	450
981	513
981	538
981	615
981	652
981	725
981	747
981	782
981	807
981	845
981	859
981	971
981	972
981	980
981	991
982	132
982	227
982	371
982	436
982	528
982	585
982	608
982	664
982	709
982	771
982	815
982	826
982	827
982	833
982	838
982	909
982	934
982	942
982	956
982	961
982	978
982	984
982	999
983	15
983	67
983	156
983	365
983	410
983	423
983	453
983	478
983	488
983	527
983	542
983	570
983	594
983	765
983	855
983	888
983	925
983	926
983	935
983	937
983	944
983	954
983	975
984	213
984	227
984	242
984	314
984	627
984	653
984	671
984	684
984	703
984	733
984	827
984	834
984	867
984	892
984	909
984	930
984	950
984	956
984	961
984	978
984	982
984	990
984	997
984	999
985	74
985	86
985	163
985	173
985	218
985	294
985	315
985	323
985	361
985	494
985	551
985	601
985	703
985	805
985	820
985	824
985	851
985	868
985	902
985	920
985	938
985	954
985	958
985	973
986	93
986	334
986	345
986	368
986	499
986	628
986	694
986	722
986	741
986	781
986	836
986	842
986	844
986	875
986	899
986	900
986	906
986	914
986	915
986	927
986	939
986	967
986	974
986	979
986	998
987	225
987	232
987	316
987	364
987	410
987	463
987	495
987	527
987	554
987	582
987	604
987	617
987	746
987	784
987	791
987	808
987	831
987	855
987	876
987	880
987	925
987	926
987	935
987	959
987	975
988	107
988	277
988	291
988	424
988	584
988	614
988	641
988	669
988	715
988	733
988	811
988	841
988	861
988	904
988	909
988	912
988	917
988	930
988	941
988	947
988	948
988	956
988	990
988	992
988	999
989	16
989	29
989	120
989	159
989	215
989	234
989	265
989	301
989	332
989	458
989	497
989	531
989	553
989	557
989	622
989	624
989	631
989	689
989	707
989	764
989	785
989	797
989	832
989	853
989	911
989	966
990	211
990	230
990	300
990	314
990	333
990	353
990	415
990	605
990	657
990	671
990	684
990	715
990	800
990	827
990	869
990	876
990	891
990	917
990	918
990	947
990	950
990	961
990	964
990	984
990	988
990	992
990	999
991	220
991	241
991	248
991	304
991	387
991	507
991	545
991	546
991	583
991	589
991	603
991	652
991	662
991	700
991	745
991	754
991	775
991	786
991	807
991	859
991	890
991	971
991	972
991	980
991	981
991	995
991	1000
992	36
992	92
992	231
992	326
992	579
992	602
992	613
992	641
992	642
992	737
992	749
992	800
992	810
992	811
992	826
992	842
992	862
992	867
992	876
992	917
992	930
992	941
992	948
992	961
992	988
992	990
992	997
993	87
993	98
993	110
993	154
993	210
993	211
993	283
993	319
993	396
993	570
993	646
993	813
993	819
993	841
993	860
993	886
993	924
993	932
993	936
993	937
993	940
993	943
993	953
993	963
993	964
993	965
993	994
994	98
994	118
994	158
994	190
994	369
994	371
994	373
994	461
994	545
994	571
994	599
994	663
994	706
994	731
994	825
994	835
994	856
994	860
994	870
994	871
994	886
994	928
994	940
994	957
994	963
994	965
994	977
994	993
995	8
995	30
995	32
995	79
995	133
995	160
995	200
995	233
995	338
995	451
995	541
995	552
995	616
995	686
995	687
995	690
995	697
995	734
995	742
995	767
995	802
995	818
995	823
995	839
995	882
995	904
995	970
995	991
996	1
996	274
996	346
996	474
996	487
996	535
996	572
996	612
996	637
996	666
996	736
996	738
996	763
996	795
996	804
996	822
996	829
996	839
996	872
996	878
996	901
996	922
996	949
996	953
996	955
996	968
996	976
996	997
997	47
997	165
997	213
997	224
997	244
997	337
997	563
997	608
997	613
997	614
997	642
997	669
997	811
997	815
997	827
997	833
997	866
997	876
997	891
997	905
997	941
997	946
997	956
997	961
997	978
997	984
997	992
997	996
997	999
998	88
998	113
998	117
998	172
998	176
998	180
998	229
998	289
998	295
998	296
998	368
998	431
998	523
998	580
998	744
998	752
998	788
998	811
998	842
998	854
998	875
998	877
998	882
998	927
998	939
998	946
998	969
998	979
998	986
999	251
999	285
999	329
999	439
999	445
999	518
999	528
999	657
999	669
999	675
999	749
999	806
999	817
999	869
999	873
999	886
999	889
999	909
999	920
999	930
999	941
999	948
999	956
999	964
999	978
999	982
999	984
999	988
999	990
999	997
1000	53
1000	55
1000	99
1000	151
1000	194
1000	252
1000	292
1000	304
1000	479
1000	515
1000	589
1000	615
1000	662
1000	665
1000	667
1000	724
1000	747
1000	754
1000	775
1000	783
1000	786
1000	807
1000	859
1000	890
1000	893
1000	923
1000	931
1000	971
1000	980
1000	991
